1.4827320703124993
0.5437715771484368
0.8283984863281243
0.5418669531249993
0.3348954443359368
0.17226278320312427
-0.09872369628906323
-0.6171059228515632
-0.8620805224609381
-1.820140483398438
-3.71791396484375
-3.2250064794921878
-4.929921318359375
-5.25842208984375
-5.790186484374999
-3.306737983398437
-3.305892758789062
-0.9673586718749989
2.684799975585939
-2.658015195312499
-0.035091845703123736
-1.9453198095703113
-2.7638739990234362
-0.30440791992187344
3.8503823193359388
0.12836885253906383
1.5072143750000013
0.9898520312500012
1.1136071679687514
0.9090155761718763
0.3282870703125013
0.0777704003906263
-0.5679208056640612
-3.306665283203124
-3.236860288085936
-4.710511396484374
-5.488095615234374
-2.8737533691406236
-1.2741006347656234
1.2053714111328144
1.9267091748046894
0.4390373974609394
0.5997448193359394
0.3422023535156269
0.2521966894531269
-0.2685860693359356
-1.3455176416015606
-3.535077255859373
-3.494807060546873
-5.273255395507811
-6.337629409179686
-9.705891845703123
-9.254376943359372
-3.268505888671872
0.9292425488281286
2.364459360351566
2.6430906640625036
2.562397944335941
3.0039098632812533
2.7903454785156283
2.873130644531253
3.442971425781253
2.4844991601562527
2.53371122558594
2.2037885742187524
1.6854063476562524
1.6862515722656275
0.478385024414065
-0.6169765917968726
-2.3954249267578103
-3.551741865234373
-5.933737509765622
-5.399293706054685
-1.8995797705078101
-1.3661249267578102
1.5240151708984404
1.392946767578128
0.6977251025390653
0.9393835058593778
0.06527232910156533
0.22597975097656534
-1.0068478710937472
-2.064237319335935
-4.24538018066406
-5.585562353515622
-7.203118300781247
-5.166775327148434
-2.075761831054684
0.603099887695316
2.7557908203125026
3.281241215820315
2.89180573730469
3.1568699072265654
3.649344472656253
3.5137023437500035
3.514557875976566
3.428879125976566
3.511664291992191
4.1244632714843785
3.7635736328125033
3.306198266601566
2.897343784179691
2.044227534179691
1.8861789062500032
1.3668901806640656
1.3277440869140658
-0.45968734863280925
-0.6517110742187466
-2.744908081054684
-4.096071889648434
-7.1815622167968725
-8.573695996093747
-12.676409794921872
-17.573984545898433
-25.938595180664056
-30.85414644042968
-30.694025981445307
-26.96491342285156
-14.920477678222653
-0.4358408154296849
-3.95841307128906
-5.4280671093749975
-3.72146182128906
-4.522585234374998
-0.13795314453124785
-0.8971382421874979
1.732769672851565
4.953657031250002
9.338289121093752
18.031176044921878
25.268704321289068
31.972101035156257
32.177796113281254
26.477232841796877
20.75427337890625
9.584718652343753
3.10071929199219
0.15172662597656505
2.2070762988281274
12.760638181152345
21.804265522460938
23.958522070312497
19.658921635742185
11.924426230468747
4.065444990234372
2.467441474609372
-0.34424953613281584
-1.5675174023437535
1.0997860253906218
6.113946381835934
13.893492431640622
19.189487475585935
21.607983583984375
19.247559521484376
17.724933994140624
18.831968427734374
18.537442753906248
15.509497641601559
12.655847700195311
11.521514648437497
9.56124084472656
8.251047006835936
5.534276108398435
4.019232416992185
2.7354112255859353
1.847897265624998
-1.0936985302734397
-3.878811313476565
-7.4419309277343775
-9.84635368652344
-13.637326923828127
-16.73817733886719
-20.629056718750004
-22.70460706054688
-21.59020667968751
-16.018455014648445
-1.8825547924804766
9.71278713623046
29.73836021728515
38.53273463134765
45.00725783935546
43.659091833496085
33.05712109130858
23.944625388183578
1.623234182128888
-9.929452331542988
-14.39391130126955
-4.724155493164082
14.778810891113263
22.345095698242172
40.93171322021483
53.3384706689453
63.76908140869139
66.14618493408202
66.55614290283201
66.10732802490233
66.19251372314451
65.29201959228514
60.2839487524414
53.51974216552733
41.842580124511706
32.625171633300766
20.996984011230456
19.755729328613267
27.403369555664046
33.839474926757795
38.284485683593736
37.875631201171856
37.098469594726545
36.28793016113279
34.28166943359373
34.411409868164036
35.27304708984372
36.216201640624966
35.148232553710905
33.1225528222656
31.954698208007787
31.45591995117185
32.1606824707031
33.144806992187476
36.997252075195284
42.92476361328122
46.956056977539035
45.39802416503903
42.408484140624964
41.34411012695309
40.41405027343746
40.830601118164026
40.908833173828086
40.343083374023394
39.606891738281206
39.03415737304683
38.511798691406206
37.90407965332027
37.225814614257764
37.632352167968705
37.9234179101562
37.842323193359334
38.00546207031246
38.08828846679683
37.8487122021484
37.68567754394527
37.55908036132808
37.478974604492144
37.60315235351559
37.563027607421844
37.526889624023404
38.593799311523405
38.79748554687497
37.58463296874996
36.657148305664016
34.74780622558589
33.982192602539016
33.16405071777339
32.753187392578084
34.38125253906246
35.741081054687456
40.290015639648395
40.485707734374955
39.921369506835894
39.307665170898396
40.000415864257775
37.662377685546836
35.6396957568359
33.10282394531246
32.85784934570309
32.979997636718714
33.882182216796835
35.33436596191402
35.29423090820308
35.461366855468704
35.66204498046871
35.74324391601558
35.57820041503902
35.33863445800777
35.175599799804644
34.973006743164014
35.053772758789016
34.69628291992182
33.807769692382756
33.52122785156244
34.00570827636714
34.10090726562495
34.18168358886714
35.402047563476515
35.153065585937455
33.498526430664015
33.53733351562495
33.82438157226558
33.62236517089839
33.66360371093745
33.50056905273432
33.057142202148384
33.17787892089839
33.180166640624954
33.01713198242183
32.19501364257808
32.2782214208984
32.48592534179683
32.846898583984334
33.29841348632809
33.422591235351526
33.30251477539059
33.221842670898404
33.26364755859372
33.42677612792966
34.114107871093715
34.64798532714841
34.689800522460914
35.05678998535154
35.18054512207029
35.14084298828123
35.26159001464842
35.021014482421855
35.34461282714842
35.46678173339842
35.549566899414046
36.29330085449217
35.63265155761717
34.08904141113279
33.39339713378904
32.04265593749997
31.871668369140597
31.91592532714841
31.67692571777341
30.925775991210912
30.43498156738279
30.23338777832029
30.030372109374976
30.318429741210913
31.13867437988279
31.463694604492165
31.714367031249978
31.45983267578123
31.33776798828123
31.77969221191404
31.73855789062498
31.289156049804667
31.326953559570292
31.383253266601542
31.223206103515604
31.26240487792967
30.77859501953123
30.939725053710923
31.02251021972655
31.146687968749987
30.870715458984364
31.03385433593749
30.993729589843742
30.71318335449218
30.795958212890618
30.759243574218743
30.973973291015618
30.52255229980468
30.484405473632805
30.526632973632807
30.447526484374997
30.690596459960933
30.57151926757812
30.69569701660156
30.618012407226562
30.58087515625
30.581133417968747
30.221232739257808
30.46330344726562
30.30027909667968
30.664260449218744
30.66510567382812
30.180708852539055
30.34242584960937
30.50355588378906
30.627311020507808
30.54562934082031
30.709344873046874
31.031367294921875
31.073161875
30.71167496582031
30.6725391796875
31.159440751953127
31.11931600585938
30.512019580078125
30.634765141601562
30.795905483398435
30.595887617187497
30.43526379882812
30.23125916992187
29.62396274414062
29.91058818847656
30.635315444335934
30.756454160156245
