-51.0
-28.0
-33.0
-26.0
-23.0
-21.0
-16.0
-8.0
-5.0
10.0
46.0
28.0
60.0
60.0
67.0
12.0
14.0
-31.0
-99.0
21.0
-32.0
13.0
31.0
-20.0
-99.0
-14.0
-41.0
-26.0
-28.0
-23.0
-11.0
-8.0
3.0
56.0
48.0
72.0
82.0
19.0
-12.0
-60.0
-68.0
-29.0
-30.0
-21.0
-19.0
-8.0
13.0
45.0
48.0
79.0
97.0
99.0
99.0
12.0
-68.0
-78.0
-73.0
-57.0
-59.0
-46.0
-44.0
-52.0
-30.0
-32.0
-26.0
-18.0
-21.0
-1.0
16.0
42.0
59.0
97.0
77.0
-2.0
-12.0
-67.0
-58.0
-38.0
-42.0
-22.0
-26.0
-1.0
17.0
55.0
77.0
99.0
52.0
-11.0
-63.0
-94.0
-96.0
-78.0
-75.0
-82.0
-75.0
-74.0
-72.0
-74.0
-89.0
-83.0
-77.0
-72.0
-61.0
-63.0
-60.0
-65.0
-36.0
-40.0
-6.0
13.0
63.0
80.0
99.0
99.0
99.0
99.0
99.0
99.0
99.0
-99.0
-38.0
33.0
21.0
72.0
-1.0
47.0
10.0
-28.0
-99.0
-99.0
-99.0
-99.0
-99.0
-99.0
-99.0
36.0
99.0
99.0
67.0
-99.0
-99.0
-99.0
-99.0
-99.0
-59.0
-58.0
-45.0
-50.0
-99.0
-99.0
-99.0
-99.0
-99.0
-99.0
-99.0
-99.0
-99.0
-99.0
-99.0
-99.0
-99.0
-99.0
-99.0
-99.0
-99.0
-99.0
-99.0
-99.0
-99.0
-99.0
-99.0
-99.0
-99.0
-99.0
-99.0
-99.0
-99.0
-99.0
-99.0
-99.0
-99.0
-99.0
-99.0
-99.0
-99.0
-99.0
-99.0
-99.0
-99.0
-99.0
-99.0
-99.0
-99.0
-99.0
-99.0
-99.0
-99.0
-99.0
-99.0
-99.0
-99.0
-99.0
-99.0
-99.0
-99.0
-99.0
-99.0
-99.0
-99.0
-99.0
-99.0
-99.0
-99.0
-99.0
-99.0
-99.0
-99.0
-99.0
-99.0
-99.0
-99.0
-99.0
-99.0
-99.0
-99.0
-99.0
-99.0
-99.0
-99.0
-99.0
-99.0
-99.0
-99.0
-99.0
-99.0
-99.0
-99.0
-99.0
-99.0
-99.0
-99.0
-99.0
-99.0
-99.0
-99.0
-99.0
-99.0
-99.0
-99.0
-99.0
-99.0
-99.0
-99.0
-99.0
-99.0
-99.0
-99.0
-99.0
-99.0
-99.0
-99.0
-99.0
-99.0
-99.0
-99.0
-99.0
-99.0
-99.0
-99.0
-99.0
-99.0
-99.0
-99.0
-99.0
-99.0
-99.0
-99.0
-99.0
-99.0
-99.0
-99.0
-99.0
-99.0
-99.0
-99.0
-99.0
-99.0
-99.0
-99.0
-99.0
-99.0
-99.0
-99.0
-99.0
-99.0
-99.0
-99.0
-99.0
-99.0
-99.0
-99.0
-99.0
-99.0
-99.0
-99.0
-99.0
-99.0
-99.0
-99.0
-99.0
-99.0
-99.0
-99.0
-99.0
-99.0
-99.0
-99.0
-99.0
-99.0
-99.0
-99.0
-99.0
-99.0
-99.0
-99.0
-99.0
-99.0
-99.0
-99.0
-99.0
-99.0
-99.0
-99.0
-99.0
-99.0
-99.0
-99.0
-99.0
-99.0
-99.0
-99.0
-99.0
-99.0
-99.0
-99.0
-99.0
-99.0
-99.0
-99.0
-99.0
-99.0
-99.0
-99.0
-99.0
-99.0
-99.0
-99.0
-99.0
-99.0
-99.0
-99.0
-99.0
-99.0
-99.0
-99.0
-99.0
-99.0
-99.0
-99.0
-99.0
-99.0
-99.0
-99.0
-99.0
-99.0
-99.0
-99.0
-99.0
-99.0
-99.0
-99.0
-99.0
-99.0
-99.0
-99.0
-99.0
-99.0
-99.0
-99.0
-99.0
